C:\Users\user\Downloads\denny\denny\denny01.jpg
480 640

1 0 319.5 
0 1 239.5 
0 0 1 

0.980521 -0.0234459 0.195008 
0.0229956 0.999725 0.00457325 
-0.195061 5.14042e-010 0.980791 

656.801

C:\Users\user\Downloads\denny\denny\denny02.jpg
480 640

1 0 319.5 
0 1 239.5 
0 0 1 

0.981026 0.0420574 0.189256 
0.032212 0.927258 -0.373035 
-0.191178 0.372053 0.90831 

660.261

C:\Users\user\Downloads\denny\denny\denny03.jpg
480 640

1 0 319.5 
0 1 239.5 
0 0 1 

0.983707 0.104891 0.146009 
0.0337383 0.69002 -0.723003 
-0.176586 0.716149 0.675239 

664.862

C:\Users\user\Downloads\denny\denny\denny04.jpg
480 640

1 0 319.5 
0 1 239.5 
0 0 1 

0.990113 0.107155 0.0905192 
0.0486375 0.343021 -0.938067 
-0.131569 0.933196 0.334418 

669.626

C:\Users\user\Downloads\denny\denny\denny05.jpg
480 640

1 0 319.5 
0 1 239.5 
0 0 1 

0.992935 0.110472 0.0433143 
0.0485407 -0.045067 -0.997804 
-0.108277 0.992857 -0.0501108 

668.762

C:\Users\user\Downloads\denny\denny\denny06.jpg
480 640

1 0 319.5 
0 1 239.5 
0 0 1 

0.9975 0.0603892 -0.0366901 
0.00497482 -0.577969 -0.816043 
-0.0704859 0.813821 -0.576825 

646.531

C:\Users\user\Downloads\denny\denny\denny07.jpg
480 640

1 0 319.5 
0 1 239.5 
0 0 1 

0.99779 0.0363813 -0.0556015 
0.000280276 -0.839085 -0.544001 
-0.0664459 0.542783 -0.83724 

648.069

C:\Users\user\Downloads\denny\denny\denny08.jpg
480 640

1 0 319.5 
0 1 239.5 
0 0 1 

0.997998 0.0306662 -0.0553182 
0.0203149 -0.983674 -0.178809 
-0.0598985 0.177327 -0.982327 

647.916

C:\Users\user\Downloads\denny\denny\denny09.jpg
480 640

1 0 319.5 
0 1 239.5 
0 0 1 

0.998435 0.0109503 -0.0548353 
0.0223375 -0.977102 0.211596 
-0.0512626 -0.21249 -0.975818 

651.99

C:\Users\user\Downloads\denny\denny\denny10.jpg
480 640

1 0 319.5 
0 1 239.5 
0 0 1 

0.999322 0.00590984 -0.0363334 
0.0255811 -0.82124 0.570008 
-0.0264697 -0.570552 -0.820835 

650.677

C:\Users\user\Downloads\denny\denny\denny11.jpg
480 640

1 0 319.5 
0 1 239.5 
0 0 1 

0.998735 0.0140688 -0.0482717 
0.0494235 -0.451151 0.891078 
-0.00924152 -0.892337 -0.451276 

646.702

C:\Users\user\Downloads\denny\denny\denny12.jpg
480 640

1 0 319.5 
0 1 239.5 
0 0 1 

0.998065 0.017602 -0.0596251 
0.0600471 -0.0245038 0.997895 
0.0161039 -0.999545 -0.0255132 

648.228

C:\Users\user\Downloads\denny\denny\denny13.jpg
480 640

1 0 319.5 
0 1 239.5 
0 0 1 

0.998498 0.0340587 -0.0429156 
0.0286185 0.343721 0.938635 
0.0467198 -0.938454 0.34223 

649.988

C:\Users\user\Downloads\denny\denny\denny14.jpg
480 640

1 0 319.5 
0 1 239.5 
0 0 1 

0.999734 0.022996 0.00163248 
-0.0170358 0.689198 0.724372 
0.0155325 -0.724208 0.689407 

653.719

C:\Users\user\Downloads\denny\denny\denny00.jpg
480 640

1 0 319.5 
0 1 239.5 
0 0 1 

0.979448 -0.0800843 0.185117 
0.00105245 0.919813 0.392356 
-0.201695 -0.384097 0.900993 

653.916

