C:\Users\USER\Desktop\VFX-HW2-main\data\scene-our-3step\20230313_0039.jpg
4288 2848

4 0 1423.5 
0 4 2143.5 
0 0 1 

0.999709 0.00134469 -0.0240728 
-0.0013443 0.999999 3.24665e-005 
0.0240728 -9.14449e-008 0.99971 

2733.57

C:\Users\USER\Desktop\VFX-HW2-main\data\scene-our-3step\20230313_0042.jpg
4288 2848

4 0 1423.5 
0 4 2143.5 
0 0 1 

0.999814 -0.0052992 -0.0185543 
-0.000657692 0.951634 -0.307232 
0.019285 0.307188 0.951454 

2733.62

C:\Users\USER\Desktop\VFX-HW2-main\data\scene-our-3step\20230313_0045.jpg
4288 2848

4 0 1423.5 
0 4 2143.5 
0 0 1 

0.999892 -0.00790295 -0.0123786 
0.000350784 0.855481 -0.517834 
0.0146821 0.517774 0.855391 

2737.42

C:\Users\USER\Desktop\VFX-HW2-main\data\scene-our-3step\20230313_0048.jpg
4288 2848

4 0 1423.5 
0 4 2143.5 
0 0 1 

0.999939 -0.00821784 -0.00734425 
0.0011016 0.737548 -0.675293 
0.0109662 0.675244 0.737512 

2737.09

C:\Users\USER\Desktop\VFX-HW2-main\data\scene-our-3step\20230313_0051.jpg
4288 2848

4 0 1423.5 
0 4 2143.5 
0 0 1 

0.999973 -0.00704098 -0.00216436 
0.00219356 0.565134 -0.824996 
0.00703196 0.824969 0.565134 

2741.32

C:\Users\USER\Desktop\VFX-HW2-main\data\scene-our-3step\20230313_0054.jpg
4288 2848

4 0 1423.5 
0 4 2143.5 
0 0 1 

0.999994 -0.00321401 -0.00158515 
-0.000328507 0.358257 -0.933623 
0.0035686 0.933618 0.358254 

2737.71

C:\Users\USER\Desktop\VFX-HW2-main\data\scene-our-3step\20230313_0057.jpg
4288 2848

4 0 1423.5 
0 4 2143.5 
0 0 1 

0.999999 0.00058837 -0.0013172 
-0.0013868 0.140483 -0.990082 
-0.000397457 0.990083 0.140483 

2735.3

C:\Users\USER\Desktop\VFX-HW2-main\data\scene-our-3step\20230313_0060.jpg
4288 2848

4 0 1423.5 
0 4 2143.5 
0 0 1 

0.999989 0.0045969 -0.00132257 
-0.000898307 -0.0910998 -0.995841 
-0.00469824 0.995831 -0.0910945 

2736.94

C:\Users\USER\Desktop\VFX-HW2-main\data\scene-our-3step\20230313_0036.jpg
4288 2848

4 0 1423.5 
0 4 2143.5 
0 0 1 

0.999587 0.0076885 -0.0277105 
-0.000156849 0.965041 0.2621 
0.0287569 -0.261988 0.964643 

2732.2

