C:\Users\USER\Desktop\VFX-HW2-main\data\scene-our-2step\20230313_0038.jpg
4288 2848

4 0 1423.5 
0 4 2143.5 
0 0 1 

0.999632 0.00109122 -0.0270846 
-0.00109081 0.999999 2.98009e-005 
0.0270846 -5.13734e-007 0.999633 

2828.33

C:\Users\USER\Desktop\VFX-HW2-main\data\scene-our-2step\20230313_0040.jpg
4288 2848

4 0 1423.5 
0 4 2143.5 
0 0 1 

0.99972 -0.00327357 -0.023408 
-0.00129721 0.98127 -0.192631 
0.0236002 0.192607 0.980992 

2822.52

C:\Users\USER\Desktop\VFX-HW2-main\data\scene-our-2step\20230313_0042.jpg
4288 2848

4 0 1423.5 
0 4 2143.5 
0 0 1 

0.99979 -0.00766673 -0.0189832 
-0.000531159 0.917209 -0.398407 
0.0204661 0.398333 0.917013 

2824.83

C:\Users\USER\Desktop\VFX-HW2-main\data\scene-our-2step\20230313_0044.jpg
4288 2848

4 0 1423.5 
0 4 2143.5 
0 0 1 

0.999853 -0.00951984 -0.0142218 
0.00040637 0.843979 -0.536375 
0.0171091 0.536291 0.84386 

2829.36

C:\Users\USER\Desktop\VFX-HW2-main\data\scene-our-2step\20230313_0046.jpg
4288 2848

4 0 1423.5 
0 4 2143.5 
0 0 1 

0.99989 -0.0106104 -0.0103665 
0.00130678 0.759127 -0.650941 
0.0147762 0.650855 0.759058 

2828.28

C:\Users\USER\Desktop\VFX-HW2-main\data\scene-our-2step\20230313_0048.jpg
4288 2848

4 0 1423.5 
0 4 2143.5 
0 0 1 

0.999919 -0.0102686 -0.00745162 
0.00149321 0.678487 -0.734611 
0.0125993 0.734541 0.678448 

2828.79

C:\Users\USER\Desktop\VFX-HW2-main\data\scene-our-2step\20230313_0050.jpg
4288 2848

4 0 1423.5 
0 4 2143.5 
0 0 1 

0.99994 -0.00978305 -0.00502836 
0.00135141 0.562939 -0.826498 
0.0109163 0.826441 0.562918 

2830.68

C:\Users\USER\Desktop\VFX-HW2-main\data\scene-our-2step\20230313_0052.jpg
4288 2848

4 0 1423.5 
0 4 2143.5 
0 0 1 

0.99997 -0.00724818 -0.00287192 
0.000551838 0.433242 -0.901278 
0.00777686 0.901248 0.433233 

2828.94

C:\Users\USER\Desktop\VFX-HW2-main\data\scene-our-2step\20230313_0054.jpg
4288 2848

4 0 1423.5 
0 4 2143.5 
0 0 1 

0.999986 -0.00470634 -0.00233799 
-0.000856137 0.293055 -0.956095 
0.00518487 0.956084 0.293047 

2828.87

C:\Users\USER\Desktop\VFX-HW2-main\data\scene-our-2step\20230313_0056.jpg
4288 2848

4 0 1423.5 
0 4 2143.5 
0 0 1 

0.999997 -0.00198008 -0.00155505 
-0.00128122 0.131479 -0.991318 
0.00216735 0.991317 0.131476 

2827.16

C:\Users\USER\Desktop\VFX-HW2-main\data\scene-our-2step\20230313_0058.jpg
4288 2848

4 0 1423.5 
0 4 2143.5 
0 0 1 

0.999999 0.000866445 -0.00106528 
-0.00106386 -0.00163417 -0.999998 
-0.000868182 0.999998 -0.00163324 

2830.65

C:\Users\USER\Desktop\VFX-HW2-main\data\scene-our-2step\20230313_0060.jpg
4288 2848

4 0 1423.5 
0 4 2143.5 
0 0 1 

0.999996 0.00274012 -0.000586948 
-0.000183767 -0.144879 -0.989449 
-0.00279625 0.989446 -0.144878 

2829.76

C:\Users\USER\Desktop\VFX-HW2-main\data\scene-our-2step\20230313_0036.jpg
4288 2848

4 0 1423.5 
0 4 2143.5 
0 0 1 

0.999557 0.00453692 -0.0293975 
-0.000107244 0.988843 0.148962 
0.0297453 -0.148893 0.988406 

2825.2

