C:\Users\USER\Desktop\VFX-HW2-main\data\scene-our\20230313_0037.jpg
4288 2848

4 0 1423.5 
0 4 2143.5 
0 0 1 

0.999494 -0.000469926 -0.0318001 
0.000469688 1 -1.49323e-005 
0.0318001 6.79868e-009 0.999494 

2844.82

C:\Users\USER\Desktop\VFX-HW2-main\data\scene-our\20230313_0038.jpg
4288 2848

4 0 1423.5 
0 4 2143.5 
0 0 1 

0.999529 -0.00224413 -0.0306017 
-0.00023157 0.996742 -0.0806583 
0.030683 0.0806274 0.996272 

2846.77

C:\Users\USER\Desktop\VFX-HW2-main\data\scene-our\20230313_0039.jpg
4288 2848

4 0 1423.5 
0 4 2143.5 
0 0 1 

0.999583 -0.00431767 -0.0285493 
-0.00107343 0.982516 -0.186175 
0.028854 0.186128 0.982102 

2842.67

C:\Users\USER\Desktop\VFX-HW2-main\data\scene-our\20230313_0040.jpg
4288 2848

4 0 1423.5 
0 4 2143.5 
0 0 1 

0.999625 -0.00667332 -0.0265505 
-0.000741626 0.962878 -0.269936 
0.0273662 0.269855 0.962512 

2842.53

C:\Users\USER\Desktop\VFX-HW2-main\data\scene-our\20230313_0041.jpg
4288 2848

4 0 1423.5 
0 4 2143.5 
0 0 1 

0.99968 -0.00909045 -0.0235805 
-0.000165944 0.930685 -0.365821 
0.0252715 0.365708 0.930386 

2845.35

C:\Users\USER\Desktop\VFX-HW2-main\data\scene-our\20230313_0042.jpg
4288 2848

4 0 1423.5 
0 4 2143.5 
0 0 1 

0.999704 -0.0106423 -0.0218462 
-0.000836703 0.883393 -0.468632 
0.0242861 0.468511 0.883123 

2845.7

C:\Users\USER\Desktop\VFX-HW2-main\data\scene-our\20230313_0043.jpg
4288 2848

4 0 1423.5 
0 4 2143.5 
0 0 1 

0.999751 -0.0113392 -0.019211 
-0.000606879 0.847032 -0.531541 
0.0222996 0.53142 0.846815 

2847.73

C:\Users\USER\Desktop\VFX-HW2-main\data\scene-our\20230313_0044.jpg
4288 2848

4 0 1423.5 
0 4 2143.5 
0 0 1 

0.999782 -0.0122421 -0.0169139 
-0.000344413 0.800297 -0.599604 
0.0208766 0.599479 0.800118 

2849.48

C:\Users\USER\Desktop\VFX-HW2-main\data\scene-our\20230313_0045.jpg
4288 2848

4 0 1423.5 
0 4 2143.5 
0 0 1 

0.999803 -0.0129791 -0.0149838 
5.98222e-005 0.757832 -0.65245 
0.0198235 0.652321 0.757684 

2849.37

C:\Users\USER\Desktop\VFX-HW2-main\data\scene-our\20230313_0046.jpg
4288 2848

4 0 1423.5 
0 4 2143.5 
0 0 1 

0.999829 -0.0133116 -0.012777 
0.000390468 0.707583 -0.70663 
0.0184472 0.706505 0.707468 

2848.77

C:\Users\USER\Desktop\VFX-HW2-main\data\scene-our\20230313_0047.jpg
4288 2848

4 0 1423.5 
0 4 2143.5 
0 0 1 

0.999847 -0.0132885 -0.0113597 
0.00037902 0.666111 -0.745853 
0.0174781 0.745734 0.666014 

2848.51

C:\Users\USER\Desktop\VFX-HW2-main\data\scene-our\20230313_0048.jpg
4288 2848

4 0 1423.5 
0 4 2143.5 
0 0 1 

0.999868 -0.0131072 -0.00952619 
0.000682186 0.621447 -0.783455 
0.016189 0.783346 0.621375 

2849.06

C:\Users\USER\Desktop\VFX-HW2-main\data\scene-our\20230313_0049.jpg
4288 2848

4 0 1423.5 
0 4 2143.5 
0 0 1 

0.99988 -0.0133729 -0.00775377 
0.000972276 0.555011 -0.831842 
0.0154276 0.831736 0.554957 

2849.62

C:\Users\USER\Desktop\VFX-HW2-main\data\scene-our\20230313_0050.jpg
4288 2848

4 0 1423.5 
0 4 2143.5 
0 0 1 

0.999895 -0.0129775 -0.00638395 
0.000962938 0.500165 -0.86593 
0.0144307 0.865833 0.500125 

2850.51

C:\Users\USER\Desktop\VFX-HW2-main\data\scene-our\20230313_0051.jpg
4288 2848

4 0 1423.5 
0 4 2143.5 
0 0 1 

0.999924 -0.0114917 -0.0043187 
0.00111598 0.43542 -0.900227 
0.0122256 0.900154 0.4354 

2850.72

C:\Users\USER\Desktop\VFX-HW2-main\data\scene-our\20230313_0052.jpg
4288 2848

4 0 1423.5 
0 4 2143.5 
0 0 1 

0.999936 -0.01069 -0.00365935 
0.000509666 0.366208 -0.930533 
0.0112875 0.930472 0.36619 

2848.75

C:\Users\USER\Desktop\VFX-HW2-main\data\scene-our\20230313_0053.jpg
4288 2848

4 0 1423.5 
0 4 2143.5 
0 0 1 

0.999949 -0.00949287 -0.00323947 
-0.000258933 0.298428 -0.954432 
0.0100271 0.954385 0.29841 

2846.76

C:\Users\USER\Desktop\VFX-HW2-main\data\scene-our\20230313_0054.jpg
4288 2848

4 0 1423.5 
0 4 2143.5 
0 0 1 

0.999961 -0.00843678 -0.00237518 
-0.000431374 0.22329 -0.974752 
0.0087542 0.974715 0.223278 

2847.09

C:\Users\USER\Desktop\VFX-HW2-main\data\scene-our\20230313_0055.jpg
4288 2848

4 0 1423.5 
0 4 2143.5 
0 0 1 

0.999974 -0.00674496 -0.00222555 
-0.00122823 0.144406 -0.989518 
0.0069957 0.989495 0.144394 

2846.6

C:\Users\USER\Desktop\VFX-HW2-main\data\scene-our\20230313_0056.jpg
4288 2848

4 0 1423.5 
0 4 2143.5 
0 0 1 

0.999982 -0.00584965 -0.000525807 
-0.000170187 0.0606262 -0.99816 
0.00587083 0.998143 0.0606239 

2847.22

C:\Users\USER\Desktop\VFX-HW2-main\data\scene-our\20230313_0057.jpg
4288 2848

4 0 1423.5 
0 4 2143.5 
0 0 1 

0.999987 -0.00504725 -0.000602487 
-0.000560308 0.00835208 -0.999965 
0.00505218 0.999952 0.00834901 

2848.28

C:\Users\USER\Desktop\VFX-HW2-main\data\scene-our\20230313_0058.jpg
4288 2848

4 0 1423.5 
0 4 2143.5 
0 0 1 

0.999995 -0.00298722 -2.22014e-005 
-0.00023683 -0.0718718 -0.997414 
0.00297796 0.997409 -0.0718724 

2850.19

C:\Users\USER\Desktop\VFX-HW2-main\data\scene-our\20230313_0059.jpg
4288 2848

4 0 1423.5 
0 4 2143.5 
0 0 1 

0.999996 -0.00253555 -5.66434e-005 
-0.000354926 -0.117798 -0.993037 
0.0025113 0.993034 -0.117799 

2850.17

C:\Users\USER\Desktop\VFX-HW2-main\data\scene-our\20230313_0060.jpg
4288 2848

4 0 1423.5 
0 4 2143.5 
0 0 1 

0.999999 -0.00104783 0.00065915 
0.000420729 -0.213106 -0.977029 
0.0011643 0.977028 -0.213106 

2849.27

C:\Users\USER\Desktop\VFX-HW2-main\data\scene-our\20230313_0036.jpg
4288 2848

4 0 1423.5 
0 4 2143.5 
0 0 1 

0.999448 0.00133048 -0.0331864 
0.00092012 0.997705 0.0677095 
0.0332003 -0.0677026 0.997153 

2844.75

